python price
Mean: 152.7206871868289
Var: 57672.84569843345

MapReduce
Mean: 152.7206871868289
Var: 57672.84569843345
